num crossings	time (s)	maj axis (mm)	min axis (mm)	theta (rad )	slope (V/s)
10727	26973.936114	41.014495	13.394887	0.651683	25.795433
10731	26978.108931	40.939991	13.470765	0.659549	25.661233
10733	26980.199225	40.727800	13.405574	0.662061	25.271254
10735	26982.289267	40.553096	13.382862	0.661756	25.109213
10737	26984.383161	40.514973	13.392972	0.660805	28.138169
10739	26986.478929	40.385839	13.354756	0.657356	25.709404
10741	26988.575047	40.349645	13.371274	0.656355	26.933856
10743	26990.665622	40.363734	13.410628	0.656532	26.362538
10745	26992.755247	40.335904	13.393330	0.659405	24.939772
10749	26996.931267	40.328108	13.498461	0.666314	25.265917
10751	26999.019436	40.152620	13.431390	0.667378	25.628232
10753	27001.108555	40.095065	13.449876	0.669694	27.059117
10755	27003.196862	40.017028	13.465242	0.670762	24.314301
10757	27005.286941	39.858966	13.434288	0.670340	23.943573
10759	27007.379690	39.817869	13.446803	0.671345	25.706426
10761	27009.470864	39.757983	13.453262	0.670060	24.859562
10763	27011.562615	39.665194	13.411371	0.672043	25.271967
10765	27013.654555	39.555367	13.432908	0.673247	24.270357
10767	27015.749021	39.435034	13.399837	0.675494	23.302123
10771	27019.937516	39.409243	13.496518	0.679213	24.393133
10773	27022.028330	39.333506	13.460216	0.681257	24.550989
10775	27024.118386	39.307603	13.437071	0.681997	22.713488
10777	27026.203859	39.340787	13.448499	0.680838	25.777466
10779	27028.290107	39.252343	13.454140	0.678251	25.059794
10781	27030.377821	39.157497	13.467043	0.677478	23.829140
10783	27032.465547	39.000811	13.491413	0.678520	22.535448
10787	27036.653883	38.824076	13.506428	0.683724	22.533722
10789	27038.746139	38.787644	13.481817	0.685187	23.367060
10791	27040.842426	38.728622	13.498126	0.687091	23.117022
10793	27042.932584	38.684120	13.495451	0.687161	22.780462
10795	27045.024362	38.630693	13.495979	0.688144	25.653094
10799	27049.205682	38.570537	13.548786	0.690145	23.580905
10801	27051.296783	38.521826	13.531313	0.691236	21.875592
10803	27053.385118	38.506124	13.553688	0.693362	24.486158
10805	27055.472530	38.424752	13.545433	0.695673	22.781525
10807	27057.561186	38.301785	13.570139	0.697680	22.204303
10809	27059.648055	38.259741	13.596743	0.702036	21.727394
10811	27061.738690	38.033822	13.570045	0.700153	22.327125
10813	27063.832489	37.968243	13.534547	0.699804	23.122039
10815	27065.927723	37.884527	13.537453	0.699112	22.592804
10817	27068.021725	37.818294	13.547244	0.698015	22.201564
10819	27070.116376	37.742165	13.563309	0.698195	21.300849
10823	27074.300652	37.696445	13.614397	0.699165	21.292382
10825	27076.389759	37.665374	13.610261	0.701432	21.742844
10827	27078.479023	37.667402	13.630180	0.704407	21.000090
10829	27080.567155	37.589233	13.619362	0.705670	21.502179
10833	27084.746027	37.463290	13.631577	0.708929	21.597086
10835	27086.836214	37.317731	13.622040	0.710200	20.373905
10837	27088.926063	37.312916	13.613667	0.710485	21.056499
10839	27091.020624	37.219467	13.646085	0.712387	21.825174
10841	27093.113275	37.132089	13.664970	0.713813	20.590851
10845	27097.299318	36.969142	13.670419	0.717633	21.581230
10847	27099.391352	36.954778	13.680149	0.718746	21.324578
10849	27101.481262	36.991614	13.723465	0.721054	18.622576
10851	27103.571631	36.880621	13.685969	0.720896	20.619704
10853	27105.659272	36.895975	13.708670	0.720928	20.054170
10855	27107.743933	36.829540	13.701173	0.720293	20.189545
10857	27109.832900	36.721696	13.721659	0.718835	20.249055
10859	27111.919540	36.605064	13.719089	0.719186	19.361381
10861	27114.010168	36.538220	13.765229	0.723073	19.832960
10863	27116.098510	36.421668	13.735978	0.722078	20.101232
10865	27118.193360	36.369030	13.710208	0.723849	19.336727
10867	27120.285760	36.323209	13.753397	0.725502	21.749227
10869	27122.376495	36.261566	13.750240	0.726401	19.979633
10873	27126.562847	36.157151	13.775697	0.729538	20.826600
10875	27128.649556	36.104897	13.750551	0.731370	19.403329
10877	27130.740685	36.052077	13.794410	0.732276	18.864197
10879	27132.831494	36.031803	13.833854	0.734268	18.840390
10881	27134.918673	35.948170	13.807168	0.736143	18.501562
10883	27137.009427	35.801853	13.832529	0.738138	20.117471
10887	27141.191298	35.645691	13.785823	0.739987	18.018169
10889	27143.282641	35.563023	13.815885	0.739394	18.758450
10891	27145.378211	35.483566	13.827563	0.738981	18.549101
10893	27147.475139	35.433769	13.795380	0.741113	18.198575
10895	27149.568142	35.371560	13.796461	0.738882	18.075263
10897	27151.658795	35.290371	13.851229	0.739364	18.352320
10899	27153.752427	35.238868	13.868078	0.740426	18.767941
10903	27157.931565	35.241400	13.935949	0.743434	19.072247
10905	27160.024078	35.183358	13.947468	0.745596	18.210183
10907	27162.116082	35.071770	13.884669	0.745577	16.433623
10909	27164.202723	35.035097	13.901307	0.748726	17.969032
10911	27166.297228	34.926409	13.909838	0.749746	17.417221
10913	27168.387070	34.878643	13.937968	0.751227	19.412678
10915	27170.477800	34.774489	13.925734	0.751431	18.133198
10917	27172.570263	34.745665	13.953017	0.754541	16.285504
10921	27176.751715	34.604906	13.938741	0.757317	17.930239
10923	27178.838821	34.599036	13.937621	0.759233	17.554879
10925	27180.932414	34.525724	13.923534	0.759355	17.514064
10927	27183.018385	34.511212	13.917269	0.758218	17.308796
10929	27185.104769	34.448494	13.936221	0.758117	16.733045
10931	27187.195604	34.365617	13.952285	0.757735	17.361169
10935	27191.390485	34.190982	13.972154	0.758936	19.190366
10937	27193.457847	34.161622	13.967396	0.758638	17.421333
10939	27195.550133	34.061455	13.961679	0.761602	18.114293
10941	27197.641197	33.902769	13.984801	0.763934	17.395301
10943	27199.736673	34.015688	13.919833	0.765440	20.416152
10945	27201.826023	33.870969	13.970428	0.767862	16.493198
10947	27203.916734	33.826303	13.985023	0.768457	16.369781
10949	27206.005708	33.790193	13.993055	0.769769	16.378353
10951	27208.099041	33.682484	14.027390	0.771394	17.153454
10953	27210.189868	33.631305	13.998286	0.773381	16.718464
10955	27212.280623	33.560715	14.014727	0.775488	17.151466
10959	27216.460889	33.304169	14.068352	0.778158	16.320810
10961	27218.548589	33.412820	14.030308	0.777380	11.957924
10963	27220.643898	33.260230	14.014266	0.777236	14.717350
10965	27222.737910	33.146975	14.023603	0.779517	18.311915
10967	27224.833610	33.071922	14.037486	0.778497	15.702713
10971	27229.017071	32.949736	14.063102	0.779914	17.275055
10973	27231.112423	32.905081	14.031918	0.780063	15.615983
10975	27233.206822	32.852732	14.048642	0.782249	15.465006
10977	27235.292811	32.831397	14.062631	0.782023	10.794725
10979	27237.386258	32.754265	14.097880	0.784305	14.651041
10981	27239.475679	32.710016	14.075241	0.783857	14.271650
10985	27243.658446	32.615597	14.094620	0.788312	13.386826
10987	27245.748722	32.602187	14.107037	0.790175	14.087889
10989	27247.842388	32.513214	14.040241	0.792898	16.007134
10991	27249.933438	32.433011	14.095452	0.794344	13.858959
10993	27252.020697	32.400089	14.088314	0.795830	13.862157
10995	27254.116548	32.308355	14.094082	0.797200	15.756544
10997	27256.208367	32.332394	14.086102	0.796748	13.916950
10999	27258.294996	32.279314	14.093734	0.798333	13.608966
11001	27260.381694	32.197092	14.071240	0.798587	13.675564
11003	27262.471815	32.182254	14.114247	0.797508	13.691001
11005	27264.553981	32.079774	14.097990	0.796849	15.281364
11007	27266.643814	32.042071	14.094271	0.796395	15.954484
11009	27268.728845	31.975758	14.114617	0.797776	13.619454
11011	27270.822019	31.876501	14.132570	0.800293	14.533231
11013	27272.910740	31.829195	14.113011	0.800873	14.018198
