crossing time (s)	slope (V/s)	crossing number
281474976710655.000000	30.939976	10730	0.000000
281474976710655.000000	25.365761	10731	0.000000
281474976710655.000000	28.945070	10732	0.000000
281474976710655.000000	22.985001	10733	0.000000
281474976710655.000000	22.710203	10734	0.000000
281474976710655.000000	34.509590	10735	0.000000
281474976710655.000000	25.763538	10736	0.000000
281474976710655.000000	26.014160	10737	0.000000
281474976710655.000000	28.595076	10738	0.000000
281474976710655.000000	28.957546	10739	0.000000
281474976710655.000000	25.571728	10740	0.000000
281474976710655.000000	29.546124	10741	0.000000
281474976710655.000000	23.101767	10742	0.000000
281474976710655.000000	24.877533	10743	0.000000
281474976710655.000000	27.958483	10744	0.000000
281474976710655.000000	24.875000	10745	0.000000
281474976710655.000000	28.834393	10746	0.000000
281474976710655.000000	27.611952	10747	0.000000
281474976710655.000000	26.758900	10748	0.000000
281474976710655.000000	23.753786	10749	0.000000
281474976710655.000000	26.162750	10750	0.000000
281474976710655.000000	28.327110	10751	0.000000
281474976710655.000000	25.380465	10752	0.000000
281474976710655.000000	22.790102	10753	0.000000
281474976710655.000000	26.795042	10754	0.000000
281474976710655.000000	24.439882	10755	0.000000
281474976710655.000000	26.800859	10756	0.000000
281474976710655.000000	24.904093	10757	0.000000
281474976710655.000000	26.265364	10758	0.000000
281474976710655.000000	26.066795	10759	0.000000
281474976710655.000000	23.018129	10760	0.000000
281474976710655.000000	23.048512	10761	0.000000
281474976710655.000000	27.459190	10762	0.000000
281474976710655.000000	22.460512	10763	0.000000
281474976710655.000000	30.834230	10764	0.000000
281474976710655.000000	23.926676	10765	0.000000
281474976710655.000000	25.428820	10766	0.000000
281474976710655.000000	23.120657	10767	0.000000
281474976710655.000000	24.318270	10768	0.000000
281474976710655.000000	27.356033	10769	0.000000
281474976710655.000000	24.169561	10770	0.000000
281474976710655.000000	24.662035	10771	0.000000
281474976710655.000000	24.123203	10772	0.000000
281474976710655.000000	23.597219	10773	0.000000
281474976710655.000000	24.018507	10774	0.000000
281474976710655.000000	27.203213	10775	0.000000
281474976710655.000000	24.622280	10776	0.000000
281474976710655.000000	26.424820	10777	0.000000
281474976710655.000000	25.674519	10778	0.000000
281474976710655.000000	24.880381	10779	0.000000
281474976710655.000000	23.046175	10780	0.000000
281474976710655.000000	23.601110	10781	0.000000
281474976710655.000000	21.435755	10782	0.000000
281474976710655.000000	21.477430	10783	0.000000
281474976710655.000000	23.109875	10784	0.000000
281474976710655.000000	22.345518	10785	0.000000
281474976710655.000000	26.340097	10786	0.000000
281474976710655.000000	22.932951	10787	0.000000
281474976710655.000000	25.001087	10788	0.000000
281474976710655.000000	21.876411	10789	0.000000
281474976710655.000000	23.187223	10790	0.000000
281474976710655.000000	25.102083	10791	0.000000
281474976710655.000000	24.524832	10792	0.000000
281474976710655.000000	24.365995	10793	0.000000
281474976710655.000000	22.535812	10794	0.000000
281474976710655.000000	26.404457	10795	0.000000
281474976710655.000000	23.336241	10796	0.000000
281474976710655.000000	24.427809	10797	0.000000
281474976710655.000000	23.569244	10798	0.000000
281474976710655.000000	23.673376	10799	0.000000
281474976710655.000000	22.774818	10800	0.000000
281474976710655.000000	21.918293	10801	0.000000
281474976710655.000000	24.089558	10802	0.000000
281474976710655.000000	24.182949	10803	0.000000
281474976710655.000000	23.737448	10804	0.000000
281474976710655.000000	21.509680	10805	0.000000
281474976710655.000000	22.466774	10806	0.000000
281474976710655.000000	23.274364	10807	0.000000
281474976710655.000000	23.983089	10808	0.000000
281474976710655.000000	23.208000	10809	0.000000
281474976710655.000000	22.964359	10810	0.000000
281474976710655.000000	22.788130	10811	0.000000
281474976710655.000000	24.135923	10812	0.000000
281474976710655.000000	22.833893	10813	0.000000
281474976710655.000000	22.274979	10814	0.000000
281474976710655.000000	22.266191	10815	0.000000
281474976710655.000000	22.115736	10816	0.000000
281474976710655.000000	22.737940	10817	0.000000
281474976710655.000000	20.954878	10818	0.000000
281474976710655.000000	21.401918	10819	0.000000
281474976710655.000000	21.490540	10820	0.000000
281474976710655.000000	20.139143	10821	0.000000
281474976710655.000000	21.053993	10822	0.000000
281474976710655.000000	23.183376	10823	0.000000
281474976710655.000000	22.780382	10824	0.000000
281474976710655.000000	21.499575	10825	0.000000
281474976710655.000000	21.618477	10826	0.000000
281474976710655.000000	21.564589	10827	0.000000
281474976710655.000000	20.550575	10828	0.000000
281474976710655.000000	21.176464	10829	0.000000
281474976710655.000000	22.421955	10830	0.000000
281474976710655.000000	20.190527	10831	0.000000
281474976710655.000000	22.693123	10832	0.000000
281474976710655.000000	21.262119	10833	0.000000
281474976710655.000000	21.587330	10834	0.000000
281474976710655.000000	20.218145	10835	0.000000
281474976710655.000000	20.614038	10836	0.000000
281474976710655.000000	22.270399	10837	0.000000
281474976710655.000000	23.528267	10838	0.000000
281474976710655.000000	20.986080	10839	0.000000
281474976710655.000000	21.368402	10840	0.000000
281474976710655.000000	21.361273	10841	0.000000
281474976710655.000000	22.695255	10842	0.000000
281474976710655.000000	20.653313	10843	0.000000
281474976710655.000000	19.460207	10844	0.000000
281474976710655.000000	21.103941	10845	0.000000
281474976710655.000000	20.427328	10846	0.000000
281474976710655.000000	18.864717	10847	0.000000
281474976710655.000000	20.225000	10848	0.000000
281474976710655.000000	21.361311	10849	0.000000
281474976710655.000000	22.068598	10850	0.000000
281474976710655.000000	20.195911	10851	0.000000
281474976710655.000000	21.095631	10852	0.000000
281474976710655.000000	19.595770	10853	0.000000
281474976710655.000000	21.784840	10854	0.000000
281474976710655.000000	20.002020	10855	0.000000
281474976710655.000000	19.589388	10856	0.000000
281474976710655.000000	19.769999	10857	0.000000
281474976710655.000000	21.909237	10858	0.000000
281474976710655.000000	19.139133	10859	0.000000
281474976710655.000000	19.546274	10860	0.000000
281474976710655.000000	20.193531	10861	0.000000
281474976710655.000000	21.061304	10862	0.000000
281474976710655.000000	20.132862	10863	0.000000
281474976710655.000000	21.074986	10864	0.000000
281474976710655.000000	20.515270	10865	0.000000
281474976710655.000000	18.745493	10866	0.000000
281474976710655.000000	19.620369	10867	0.000000
281474976710655.000000	19.463644	10868	0.000000
281474976710655.000000	22.477272	10869	0.000000
281474976710655.000000	19.544834	10870	0.000000
281474976710655.000000	21.793552	10871	0.000000
281474976710655.000000	19.797195	10872	0.000000
281474976710655.000000	19.686211	10873	0.000000
281474976710655.000000	20.577227	10874	0.000000
281474976710655.000000	18.863085	10875	0.000000
281474976710655.000000	19.435652	10876	0.000000
281474976710655.000000	19.791702	10877	0.000000
281474976710655.000000	20.240675	10878	0.000000
281474976710655.000000	19.164473	10879	0.000000
281474976710655.000000	20.173710	10880	0.000000
281474976710655.000000	21.162643	10881	0.000000
281474976710655.000000	19.877972	10882	0.000000
281474976710655.000000	18.654219	10883	0.000000
281474976710655.000000	17.892633	10884	0.000000
281474976710655.000000	18.492435	10885	0.000000
281474976710655.000000	17.928455	10886	0.000000
281474976710655.000000	18.351315	10887	0.000000
281474976710655.000000	19.109142	10888	0.000000
281474976710655.000000	19.016956	10889	0.000000
281474976710655.000000	20.024090	10890	0.000000
281474976710655.000000	18.322241	10891	0.000000
281474976710655.000000	20.182587	10892	0.000000
281474976710655.000000	17.814585	10893	0.000000
281474976710655.000000	19.240383	10894	0.000000
281474976710655.000000	18.066212	10895	0.000000
281474976710655.000000	18.655138	10896	0.000000
281474976710655.000000	19.068857	10897	0.000000
281474976710655.000000	18.413240	10898	0.000000
281474976710655.000000	17.874201	10899	0.000000
281474976710655.000000	18.275230	10900	0.000000
281474976710655.000000	18.712570	10901	0.000000
281474976710655.000000	18.574247	10902	0.000000
281474976710655.000000	17.172686	10903	0.000000
281474976710655.000000	19.901028	10904	0.000000
281474976710655.000000	16.568800	10905	0.000000
281474976710655.000000	16.638418	10906	0.000000
281474976710655.000000	18.369453	10907	0.000000
281474976710655.000000	17.930672	10908	0.000000
281474976710655.000000	17.193089	10909	0.000000
281474976710655.000000	18.865969	10910	0.000000
281474976710655.000000	18.696184	10911	0.000000
281474976710655.000000	18.390829	10912	0.000000
281474976710655.000000	18.240387	10913	0.000000
281474976710655.000000	17.105091	10914	0.000000
281474976710655.000000	15.953804	10915	0.000000
281474976710655.000000	18.613842	10916	0.000000
281474976710655.000000	17.509117	10917	0.000000
281474976710655.000000	18.540483	10918	0.000000
281474976710655.000000	17.286385	10919	0.000000
281474976710655.000000	19.482225	10920	0.000000
281474976710655.000000	17.312910	10921	0.000000
281474976710655.000000	18.862885	10922	0.000000
281474976710655.000000	17.547041	10923	0.000000
281474976710655.000000	17.295702	10924	0.000000
281474976710655.000000	17.538130	10925	0.000000
281474976710655.000000	17.493557	10926	0.000000
281474976710655.000000	16.915489	10927	0.000000
281474976710655.000000	18.165030	10928	0.000000
281474976710655.000000	17.722618	10929	0.000000
281474976710655.000000	18.684242	10930	0.000000
281474976710655.000000	16.520700	10931	0.000000
281474976710655.000000	18.311939	10932	0.000000
281474976710655.000000	18.435291	10933	0.000000
281474976710655.000000	19.992125	10934	0.000000
281474976710655.000000	17.314148	10935	0.000000
281474976710655.000000	16.284506	10936	0.000000
281474976710655.000000	18.106504	10937	0.000000
281474976710655.000000	18.238966	10938	0.000000
281474976710655.000000	17.077726	10939	0.000000
281474976710655.000000	16.502542	10940	0.000000
281474976710655.000000	19.510445	10941	0.000000
281474976710655.000000	16.858301	10942	0.000000
281474976710655.000000	16.069216	10943	0.000000
281474976710655.000000	17.287037	10944	0.000000
281474976710655.000000	16.015474	10945	0.000000
281474976710655.000000	17.060669	10946	0.000000
281474976710655.000000	16.206331	10947	0.000000
281474976710655.000000	18.848846	10948	0.000000
281474976710655.000000	17.065136	10949	0.000000
281474976710655.000000	16.469030	10950	0.000000
281474976710655.000000	16.883686	10951	0.000000
281474976710655.000000	17.593424	10952	0.000000
281474976710655.000000	17.302637	10953	0.000000
281474976710655.000000	17.375792	10954	0.000000
281474976710655.000000	17.665117	10955	0.000000
281474976710655.000000	15.929046	10956	0.000000
281474976710655.000000	16.527641	10957	0.000000
281474976710655.000000	15.275631	10958	0.000000
281474976710655.000000	12.011869	10959	0.000000
281474976710655.000000	16.366467	10960	0.000000
281474976710655.000000	14.514415	10961	0.000000
281474976710655.000000	16.764465	10962	0.000000
281474976710655.000000	18.739012	10963	0.000000
281474976710655.000000	17.679304	10964	0.000000
281474976710655.000000	15.832452	10965	0.000000
281474976710655.000000	19.422319	10966	0.000000
281474976710655.000000	14.974293	10967	0.000000
281474976710655.000000	15.957748	10968	0.000000
281474976710655.000000	17.505789	10969	0.000000
281474976710655.000000	18.040037	10970	0.000000
281474976710655.000000	15.662625	10971	0.000000
281474976710655.000000	15.748827	10972	0.000000
281474976710655.000000	15.745415	10973	0.000000
281474976710655.000000	16.298611	10974	0.000000
281474976710655.000000	10.727298	10975	0.000000
281474976710655.000000	16.014912	10976	0.000000
281474976710655.000000	14.890142	10977	0.000000
281474976710655.000000	14.342240	10978	0.000000
281474976710655.000000	13.959600	10979	0.000000
281474976710655.000000	15.285412	10980	0.000000
281474976710655.000000	14.701750	10981	0.000000
281474976710655.000000	16.827610	10982	0.000000
281474976710655.000000	14.810334	10983	0.000000
281474976710655.000000	15.486111	10984	0.000000
281474976710655.000000	14.174400	10985	0.000000
281474976710655.000000	13.963505	10986	0.000000
281474976710655.000000	15.785038	10987	0.000000
281474976710655.000000	13.970010	10988	0.000000
281474976710655.000000	14.056327	10989	0.000000
281474976710655.000000	13.232979	10990	0.000000
281474976710655.000000	13.968030	10991	0.000000
281474976710655.000000	13.956575	10992	0.000000
281474976710655.000000	15.747810	10993	0.000000
281474976710655.000000	16.787100	10994	0.000000
281474976710655.000000	13.704535	10995	0.000000
281474976710655.000000	14.138370	10996	0.000000
281474976710655.000000	13.662545	10997	0.000000
281474976710655.000000	15.515510	10998	0.000000
281474976710655.000000	13.694644	10999	0.000000
281474976710655.000000	15.301991	11000	0.000000
281474976710655.000000	14.142303	11001	0.000000
281474976710655.000000	15.713879	11002	0.000000
281474976710655.000000	15.343841	11003	0.000000
281474976710655.000000	14.579976	11004	0.000000
281474976710655.000000	16.162949	11005	0.000000
281474976710655.000000	15.909839	11006	0.000000
281474976710655.000000	13.275496	11007	0.000000
281474976710655.000000	14.423359	11008	0.000000
281474976710655.000000	14.651838	11009	0.000000
281474976710655.000000	14.452097	11010	0.000000
281474976710655.000000	14.031809	11011	0.000000
281474976710655.000000	14.269503	11012	0.000000
281474976710655.000000	16.459087	11013	0.000000
281474976710655.000000	14.879098	11014	0.000000
281474976710655.000000	15.171988	11015	0.000000
281474976710655.000000	15.319099	11016	0.000000
